# Loaded with 9 hypotheses, 10 rules, 81 data, and 2 nonterminals.
# Allocating memory 
# Setting up MCMC variables
# Starting MCMC
0 0	-668.4	-668.4	0.413274 0.745944 1.54785 1.43834 	1 0.0398738 0.0486676 0.249482 0.0338137 0.119074 0.033125 0.191891 0.0637814 0.220292 
0 1	-590.686	-590.686	0.346101 0.52506 1.07387 0.657786 	1 0.0597353 0.159205 0.117747 0.141814 0.0447554 0.187565 0.168648 0.0584711 0.062058 
0 2	-616.626	-616.626	0.765712 0.596857 0.496887 1.57875 	1 0.0124707 0.000895126 0.115638 0.256033 0.119844 0.0621512 0.203024 0.037164 0.192781 
0 3	-676.326	-676.326	0.894502 0.345147 0.654772 0.00887569 	1 0.0837922 0.0479189 0.212426 0.0335787 0.286326 0.0844352 0.0642832 0.0229441 0.164295 
1000 0	-145.753	-145.753	0.850103 0.408804 1.24827 1.42921 	1 0.967532 0.000765375 0.000724513 0.0122553 0.00755288 0.00239397 0.00497269 0.000847456 0.0029555 
1000 1	-122.178	-129.295	0.814853 0.243347 0.787546 0.607999 	1 0.933142 0.0165537 0.00746686 0.00285234 0.0159029 0.00831819 0.00143853 0.00264568 0.0116793 
1000 2	-33.6462	-33.6462	0.998558 0.444513 0.192941 1.71042 	1 0.485298 0.0229893 0.0378389 0.124328 0.0920579 0.069948 0.0446382 0.0388267 0.0840747 
1000 3	-39.7726	-40.3718	0.993061 0.383469 0.299999 0.0270122 	1 0.530671 0.0654731 0.080979 0.0804518 0.0237177 0.0305177 0.0928885 0.0367436 0.0585575 
2000 0	-60.7588	-110.914	0.998373 0.437854 0.853691 1.44601 	1 0.939013 0.00458649 0.00652973 0.0146303 0.00234948 0.00584216 0.00580373 0.0163761 0.00486925 
2000 1	-39.1573	-39.1573	0.992916 0.179788 0.329559 0.784634 	1 0.557249 0.0278301 0.0652084 0.0176675 0.0835314 0.0571131 0.0582032 0.0965178 0.0366795 
2000 2	-35.769	-35.769	0.998633 0.6087 0.173922 1.76322 	1 0.411364 0.0134756 0.0964594 0.0504911 0.0139019 0.164052 0.0793605 0.0827818 0.0881132 
2000 3	-32.6114	-32.6114	0.998264 0.512377 0.0421363 0.0670453 	1 0.264832 0.0644992 0.137515 0.114763 0.157148 0.0849172 0.0142649 0.0845353 0.0775262 
3000 0	-48.8713	-49.9084	0.99869 0.414032 0.592259 1.25089 	1 0.85258 0.00463504 0.00517092 0.00362208 0.0283113 0.028929 0.0133501 0.0269814 0.0364201 
3000 1	-33.9608	-33.9608	0.99609 0.22114 0.236075 0.837496 	1 0.489235 0.0386628 0.0702301 0.0295562 0.0424186 0.0580466 0.0855238 0.120473 0.0658536 
3000 2	-33.6666	-33.6666	0.998334 0.619744 0.0110998 1.80951 	1 0.22138 0.101331 0.138873 0.0552389 0.151017 0.0818398 0.116671 0.0178987 0.115752 
3000 3	-33.4997	-272.374	0.995651 0.702446 0.088938 0.168276 	1 0.341163 0.0629097 0.0498236 0.172456 0.0178787 0.0667187 0.0735451 0.0640612 0.151443 
4000 0	-37.8029	-37.8029	0.998011 0.407473 0.326958 1.4996 	1 0.633093 0.0452819 0.0577793 0.0290194 0.0295421 0.0334406 0.047482 0.0156875 0.108675 
4000 1	-32.6219	-32.6219	0.995222 0.293624 0.0282891 0.79176 	1 0.300455 0.0455321 0.0719023 0.0428827 0.110683 0.0753988 0.133504 0.15874 0.0609021 
4000 2	-33.7983	-33.7983	0.997176 0.530246 0.0666579 1.69086 	1 0.342208 0.0928222 0.0790407 0.116081 0.0192521 0.119361 0.125133 0.0142671 0.0918352 
4000 3	-33.4589	-33.4589	0.998787 0.649851 0.010353 0.0439365 	1 0.218936 0.0501445 0.149051 0.0612075 0.138857 0.0714518 0.0721318 0.188033 0.0501873 
5000 0	-31.9153	-31.9153	0.997945 0.362299 0.0562793 1.60873 	1 0.266768 0.0840101 0.0695408 0.111192 0.156931 0.117178 0.0901278 0.021416 0.0828356 
5000 1	-31.9487	-31.9487	0.994111 0.271092 0.0440509 0.882454 	1 0.236374 0.0737357 0.102237 0.114571 0.142471 0.043467 0.092667 0.0560674 0.13841 
5000 2	-36.2501	-36.2501	0.996009 0.587508 0.101662 1.85338 	1 0.32685 0.152524 0.0133986 0.151739 0.0114626 0.166347 0.0773601 0.0509343 0.0493845 
5000 3	-32.3385	-32.3385	0.998906 0.819384 0.0152963 0.161725 	1 0.21305 0.047489 0.122746 0.0718376 0.105774 0.0812273 0.0338803 0.191207 0.132788 
6000 0	-33.6433	-578.2	0.995832 0.379762 0.0485553 1.58888 	1 0.218885 0.0848897 0.0261992 0.108505 0.135989 0.129934 0.0524164 0.164831 0.0783509 
6000 1	-33.7834	-33.7834	0.993303 0.115653 0.0685604 0.766607 	1 0.378127 0.0390949 0.0354571 0.071594 0.125225 0.0694111 0.0180404 0.0854153 0.177635 
6000 2	-34.6394	-38.1499	0.9932 0.460388 0.0106312 1.95203 	1 0.159987 0.129378 0.144762 0.103194 0.0873371 0.11927 0.0732536 0.0682957 0.114524 
6000 3	-33.5954	-33.5954	0.997363 0.886969 0.0151055 0.203575 	1 0.31484 0.15219 0.113784 0.0171596 0.0573148 0.104814 0.0590699 0.0934713 0.0873567 
7000 0	-34.3644	-33.0076	0.994247 0.451724 0.128837 1.5263 	1 0.423325 0.0708326 0.0796469 0.0894687 0.0478234 0.0365787 0.165701 0.0521721 0.0344515 
7000 1	-33.8193	-35.3048	0.988981 0.218019 0.0504576 0.758495 	1 0.290701 0.123895 0.114436 0.0450337 0.133654 0.0764192 0.0979582 0.0375192 0.080383 
7000 2	-32.7273	-32.7273	0.997665 0.439673 0.0394984 1.96293 	1 0.29657 0.0563476 0.0970388 0.149589 0.0926181 0.0440755 0.127141 0.0713537 0.065266 
7000 3	-33.0076	-44.945	0.993929 0.951669 0.0521051 0.20221 	1 0.243301 0.0723904 0.0974776 0.108016 0.0618002 0.130617 0.0487072 0.0976666 0.140023 
8000 0	-33.3075	-33.3075	0.996531 0.382396 0.059107 1.38706 	1 0.337896 0.180208 0.100161 0.017631 0.105627 0.0439795 0.105522 0.0456105 0.0633654 
8000 1	-30.9221	-30.9221	0.99894 0.223783 0.0157062 0.705397 	1 0.22871 0.0742275 0.0574296 0.121654 0.139693 0.109958 0.0635139 0.13353 0.0712825 
8000 2	-34.3219	-220.419	0.99674 0.439951 0.0151141 1.92006 	1 0.26506 0.133681 0.0499577 0.0720725 0.0320066 0.170955 0.0707966 0.0528262 0.152644 
8000 3	-34.8609	-37.4006	0.997897 0.978655 0.0702893 0.249426 	1 0.295026 0.0910558 0.0146602 0.00213171 0.157488 0.150221 0.141186 0.0542134 0.0940175 
9000 0	-31.2513	-31.2513	0.997836 0.348332 0.0350386 1.34145 	1 0.245337 0.129971 0.0739511 0.08114 0.0566937 0.0626074 0.128351 0.110479 0.111471 
9000 1	-32.0361	-32.0361	0.997922 0.339327 0.064 0.592939 	1 0.298313 0.0270654 0.0726297 0.179004 0.0245976 0.0732002 0.0420758 0.131248 0.151866 
9000 2	-33.5859	-33.5859	0.997354 0.535175 0.0193724 1.77482 	1 0.231781 0.163609 0.0691526 0.164627 0.0414461 0.147396 0.0295802 0.0669387 0.0854686 
9000 3	-31.9695	-55.3851	0.998813 0.865428 0.0169113 0.185873 	1 0.247019 0.0875239 0.11247 0.0932727 0.0909545 0.188419 0.0852415 0.067386 0.0277125 
10000 0	-31.8279	-31.8279	0.993982 0.183492 0.0427943 1.23522 	1 0.206451 0.0961401 0.130549 0.14083 0.0756357 0.0909118 0.0945215 0.108083 0.0568782 
10000 1	-32.5653	-31.8279	0.99286 0.123935 0.0773155 0.747641 	1 0.328867 0.0564156 0.113948 0.0446476 0.120294 0.04036 0.052139 0.0843439 0.158986 
10000 2	-34.1377	-163.914	0.99131 0.567043 0.102885 1.86727 	1 0.269082 0.0957196 0.0791863 0.118205 0.117858 0.0734334 0.0898474 0.0793183 0.0773494 
10000 3	-31.3843	-31.3843	0.998606 0.996667 0.111296 0.15073 	1 0.327088 0.122824 0.065204 0.14087 0.0602176 0.0829112 0.068068 0.0274382 0.105379 
11000 0	-33.5131	-35.9068	0.99474 0.121049 0.0549576 1.17362 	1 0.232657 0.160161 0.156945 0.0984111 0.0548231 0.071868 0.019225 0.0635642 0.142344 
11000 1	-31.9372	-31.9372	0.995072 0.216914 0.0779515 0.706628 	1 0.269847 0.126076 0.122469 0.108129 0.0709599 0.0366489 0.0959895 0.145922 0.0239584 
11000 2	-36.3307	-36.3307	0.994184 0.648204 0.0833621 1.78457 	1 0.261218 0.0959202 0.161949 0.0828047 0.0822774 0.0290217 0.157983 0.0415939 0.0872318 
11000 3	-36.6714	-36.3307	0.992221 0.835716 0.0107414 0.0623353 	1 0.239147 0.0604185 0.11895 0.136771 0.044663 0.0854979 0.0685958 0.203223 0.0427335 
12000 0	-31.1461	-31.1461	0.997951 0.192791 0.0184246 1.15352 	1 0.146991 0.0553438 0.108098 0.123424 0.109343 0.117749 0.127909 0.121726 0.0894156 
12000 1	-31.7738	-31.7738	0.998208 0.0321545 0.0347798 0.637107 	1 0.204177 0.0807559 0.135607 0.0942086 0.0202758 0.152805 0.164829 0.079368 0.067974 
12000 2	-33.8999	-33.8999	0.998541 0.840993 0.168704 1.78774 	1 0.361786 0.0278626 0.100635 0.077373 0.0242358 0.0937584 0.131663 0.0725195 0.110167 
12000 3	-36.2753	-36.2753	0.988464 0.810776 0.0930372 0.115357 	1 0.245349 0.115291 0.109914 0.0372936 0.0419943 0.0976813 0.114384 0.120869 0.117224 
13000 0	-32.1666	-32.9135	0.998561 0.299083 0.0289882 1.17341 	1 0.251817 0.0819151 0.122955 0.0124242 0.0786273 0.108266 0.0864281 0.182531 0.0750361 
13000 1	-32.0232	-32.0232	0.995754 0.141266 0.0568 0.579585 	1 0.318997 0.148478 0.0763232 0.0427495 0.0281667 0.0728544 0.0547689 0.159206 0.0984567 
13000 2	-32.8175	-32.8175	0.997403 0.756012 0.0362479 1.84105 	1 0.249645 0.172807 0.0864921 0.0858236 0.0556554 0.0328995 0.11577 0.10372 0.0971876 
13000 3	-32.9498	-32.9498	0.998157 0.776355 0.0316917 0.1877 	1 0.212928 0.152787 0.150467 0.14465 0.0775476 0.120247 0.0248411 0.106619 0.00991219 
14000 0	-33.6061	-33.6061	0.994584 0.238426 0.091239 1.26269 	1 0.38785 0.147377 0.0707185 0.114918 0.0259899 0.0898515 0.0445022 0.0247433 0.0940494 
14000 1	-32.0013	-33.1741	0.994777 0.314934 0.0902218 0.631905 	1 0.361193 0.0501412 0.0367768 0.0786077 0.10583 0.0898176 0.0550528 0.129436 0.0931446 
14000 2	-34.171	-33.1741	0.996201 0.717062 0.0629334 2.0654 	1 0.28986 0.101593 0.0775168 0.158799 0.0842527 0.0845121 0.131054 0.0597118 0.0126996 
14000 3	-33.637	-33.1741	0.998805 0.695738 0.0199917 0.293087 	1 0.277275 0.00736396 0.137226 0.047146 0.0399895 0.0619304 0.225954 0.0895674 0.113547 
15000 0	-35.6278	-34.4508	0.99016 0.230923 0.0196609 1.39005 	1 0.234893 0.13677 0.0782809 0.044626 0.167085 0.0160176 0.167126 0.0699936 0.0852081 
15000 1	-33.8428	-33.8428	0.991718 0.473419 0.121311 0.818216 	1 0.343802 0.0330238 0.138118 0.0895429 0.0944075 0.0281474 0.102647 0.0953689 0.0749425 
15000 2	-33.7392	-35.2396	0.99644 0.669207 0.0762143 2.04899 	1 0.297274 0.0890502 0.138912 0.105144 0.117935 0.0345064 0.0319184 0.145916 0.0393437 
15000 3	-31.7551	-32.613	0.996955 0.724643 0.0285372 0.244021 	1 0.205303 0.126839 0.0665142 0.0882331 0.148994 0.162182 0.0795722 0.0798784 0.0424835 
16000 0	-31.2188	-3820.04	0.99834 0.337987 0.0388155 1.3112 	1 0.234154 0.13956 0.0696026 0.117796 0.12254 0.0975915 0.113924 0.0291247 0.0757084 
16000 1	-31.5894	-31.5894	0.998682 0.308977 0.113392 0.846101 	1 0.343951 0.151635 0.140713 0.0506402 0.0368027 0.112824 0.033722 0.0625067 0.0672053 
16000 2	-32.5713	-32.5713	0.998843 0.666539 0.115043 2.03954 	1 0.319395 0.046593 0.0927304 0.101414 0.136272 0.118443 0.0312467 0.0364628 0.117443 
16000 3	-32.1135	-32.1135	0.998587 0.882256 0.13761 0.363332 	1 0.399398 0.0809944 0.0142456 0.124137 0.100474 0.0836319 0.0477133 0.120115 0.0292911 
17000 0	-36.2597	-36.2597	0.998844 0.46305 0.00307524 1.29256 	1 0.230007 0.152698 0.152576 0.0590168 0.209052 0.0041519 0.102057 0.0312109 0.0592299 
17000 1	-33.087	-33.087	0.997841 0.231459 0.0412963 0.854043 	1 0.228721 0.138366 0.149345 0.0122683 0.0997241 0.0640706 0.178341 0.0989172 0.0302472 
17000 2	-33.6427	-33.6427	0.998947 0.744013 0.058721 2.03146 	1 0.313243 0.0284006 0.0878939 0.0122305 0.112202 0.179643 0.110851 0.0936646 0.0618721 
17000 3	-32.5647	-37.5863	0.995344 0.926439 0.084707 0.313107 	1 0.362414 0.0864692 0.0958401 0.0897951 0.0315877 0.0662179 0.106704 0.0977172 0.0632551 
18000 0	-30.6969	-196.874	0.998327 0.332059 0.0680727 1.39126 	1 0.254878 0.106299 0.0855101 0.0470707 0.121072 0.141309 0.0686952 0.0956572 0.0795079 
18000 1	-31.4609	-31.4609	0.995682 0.318155 0.0441577 0.738867 	1 0.222661 0.0826599 0.0615045 0.115798 0.111219 0.155485 0.0924619 0.123355 0.0348556 
18000 2	-34.0816	-34.0816	0.998733 0.858469 0.0442242 2.0176 	1 0.278135 0.0756801 0.156638 0.113368 0.120889 0.0843915 0.136381 0.00827692 0.0262399 
18000 3	-31.4204	-31.4204	0.998446 0.901105 0.0481686 0.301992 	1 0.274547 0.0982407 0.104179 0.115566 0.153736 0.0896413 0.0153858 0.0749517 0.0737526 
19000 0	-35.3812	-35.3812	0.990921 0.353456 0.0238514 1.19482 	1 0.234223 0.144118 0.143548 0.0981603 0.0308572 0.0380035 0.197441 0.0659584 0.0476912 
19000 1	-31.7282	-35.3812	0.997642 0.361467 0.0328128 0.810926 	1 0.240759 0.064735 0.0295299 0.118209 0.115412 0.151597 0.103944 0.145283 0.0305324 
19000 2	-34.6618	-34.6618	0.998647 0.948292 0.0092973 2.1843 	1 0.309323 0.0865923 0.0560704 0.122853 0.0860323 0.0208594 0.103687 0.0946005 0.119982 
19000 3	-33.9546	-33.9546	0.998309 0.968049 0.0779978 0.245597 	1 0.439246 0.0555454 0.0217456 0.0219347 0.0205613 0.0472048 0.135977 0.0976496 0.160135 
20000 0	-33.9089	-35.1651	0.998259 0.387512 0.0555343 1.3929 	1 0.36139 0.0182397 0.0717649 0.12107 0.124172 0.0103982 0.0389536 0.13826 0.115752 
20000 1	-30.7642	-31.2363	0.998633 0.242259 0.0633978 0.759131 	1 0.28346 0.128003 0.0412099 0.0640889 0.0946165 0.0922907 0.156075 0.0287091 0.111548 
20000 2	-34.4732	-34.4732	0.997926 0.936515 0.0118207 2.2049 	1 0.25436 0.0903897 0.0400579 0.0864842 0.193235 0.0473234 0.0622669 0.134374 0.0915089 
20000 3	-32.5962	-32.5962	0.998461 0.953575 0.0759599 0.306291 	1 0.326501 0.0228991 0.0162392 0.0359319 0.107686 0.136 0.0585723 0.139433 0.156737 
21000 0	-32.7225	-32.7225	0.99666 0.482959 0.0148465 1.5816 	1 0.178563 0.0608105 0.156048 0.053102 0.0912224 0.120261 0.125878 0.116716 0.0973997 
21000 1	-30.0845	-32.7225	0.996651 0.0868218 0.049959 0.698874 	1 0.213058 0.124498 0.106786 0.104529 0.0889183 0.0725551 0.0931032 0.0765845 0.119967 
21000 2	-34.4532	-34.4532	0.998541 0.962776 0.0304765 2.32901 	1 0.245721 0.0337524 0.1633 0.0790919 0.0222823 0.0331339 0.148738 0.100042 0.173938 
21000 3	-34.4695	-34.4532	0.994119 0.979825 0.0192031 0.275337 	1 0.237804 0.0953427 0.0192172 0.142464 0.114124 0.133576 0.0490474 0.0758975 0.132527 
22000 0	-33.2639	-33.2639	0.99744 0.2491 0.0184643 1.67739 	1 0.26342 0.0448163 0.0685883 0.04215 0.0474649 0.164774 0.118908 0.084941 0.164938 
22000 1	-31.1308	-31.1308	0.998997 0.025799 0.035481 0.766161 	1 0.17909 0.118808 0.141214 0.0651788 0.0695807 0.106165 0.143554 0.0739816 0.102429 
22000 2	-35.1468	-35.1468	0.998921 0.969705 0.0124272 2.4936 	1 0.25982 0.0683076 0.185474 0.0192232 0.133021 0.0983007 0.060124 0.138628 0.0371014 
22000 3	-34.6454	-34.6454	0.996594 0.897233 0.0163372 0.14815 	1 0.217431 0.0746775 0.164505 0.13263 0.0423151 0.122881 0.19394 0.0319169 0.0197045 
23000 0	-36.3365	-36.3365	0.992555 0.157443 0.161062 1.63736 	1 0.346741 0.0920602 0.0324832 0.0306924 0.024664 0.142647 0.112234 0.109518 0.108961 
23000 1	-33.1091	-36.3365	0.99864 0.122864 0.00911212 0.827805 	1 0.349187 0.0457688 0.0655944 0.0601243 0.087742 0.143524 0.0532437 0.15844 0.0363751 
23000 2	-34.6146	-34.6146	0.998116 0.98299 0.0192671 2.58395 	1 0.234327 0.10594 0.169757 0.0901411 0.0852289 0.127237 0.0178373 0.10078 0.0687519 
23000 3	-33.162	-33.162	0.995034 0.85865 0.0392227 0.262473 	1 0.215816 0.126433 0.0964425 0.0156315 0.0523979 0.11684 0.137558 0.143606 0.0952746 
24000 0	-31.3881	-31.0832	0.998444 0.316081 0.021512 1.54315 	1 0.187687 0.116461 0.12375 0.0714405 0.109665 0.0671264 0.0639538 0.119472 0.140444 
24000 1	-32.0964	-32.0964	0.995625 0.161472 0.0727962 0.989907 	1 0.234705 0.0987482 0.123964 0.125262 0.105722 0.133609 0.117732 0.0149813 0.045277 
24000 2	-33.4422	-32.0964	0.998429 0.995195 0.0262726 2.61299 	1 0.211693 0.0947993 0.114288 0.12584 0.0572802 0.147309 0.124808 0.0781099 0.0458742 
24000 3	-31.0832	-31.0832	0.997977 0.902833 0.0799227 0.249522 	1 0.286326 0.0836497 0.0437187 0.0871229 0.101244 0.05957 0.0641712 0.162376 0.111821 
25000 0	-33.366	-34.9773	0.99854 0.28733 0.0229513 1.30629 	1 0.235683 0.0719516 0.0352516 0.144923 0.0625618 0.167693 0.203901 0.0477182 0.0303176 
25000 1	-30.8004	-32.4975	0.998828 0.299925 0.0463089 1.06224 	1 0.261839 0.0734331 0.0472601 0.0763104 0.050569 0.164295 0.116717 0.0698872 0.139689 
25000 2	-33.2859	-33.2859	0.998135 0.966095 0.0918887 2.55648 	1 0.306177 0.0352174 0.0900912 0.149463 0.0670189 0.0817517 0.124781 0.0813561 0.0641442 
25000 3	-31.9818	-33.2859	0.997633 0.820174 0.0980622 0.226968 	1 0.345337 0.0949865 0.102974 0.040863 0.0816869 0.0693421 0.0735676 0.166164 0.0250782 
26000 0	-33.9488	-33.9488	0.994389 0.0708093 0.0198986 1.2133 	1 0.247591 0.093732 0.00973658 0.0582705 0.145007 0.132736 0.145578 0.103192 0.0641567 
26000 1	-31.6853	-31.6853	0.996879 0.122228 0.051748 0.890134 	1 0.276147 0.027002 0.11972 0.105188 0.0696175 0.0586451 0.136281 0.166485 0.0409137 
26000 2	-35.8538	-36.0851	0.998955 0.946427 0.0299662 2.62234 	1 0.223267 0.0138935 0.00951589 0.163596 0.152312 0.0427536 0.164904 0.13242 0.0973398 
26000 3	-32.3488	-32.3488	0.995138 0.983748 0.0491412 0.358721 	1 0.243688 0.0889837 0.0737905 0.149992 0.0778035 0.0389496 0.0869188 0.143669 0.0962041 
27000 0	-30.7325	-77.9771	0.997902 0.15244 0.0820504 1.15595 	1 0.256112 0.0973359 0.136173 0.117217 0.0788533 0.0461335 0.0536385 0.0847053 0.129833 
27000 1	-33.4425	-33.4425	0.994277 0.0578521 0.0120797 0.680092 	1 0.180741 0.0602231 0.0113817 0.160186 0.119259 0.0899487 0.149329 0.119788 0.109143 
27000 2	-35.3405	-35.3405	0.996795 0.910503 0.0320458 2.74041 	1 0.284962 0.152686 0.0261228 0.121637 0.0803634 0.0890923 0.120481 0.0897219 0.0349328 
27000 3	-31.8946	-31.8946	0.998211 0.863113 0.0444642 0.5218 	1 0.236775 0.088277 0.173593 0.0266471 0.0676116 0.0764954 0.0633104 0.17054 0.0967506 
28000 0	-32.4139	-32.4139	0.997565 0.193521 0.103263 1.06291 	1 0.389032 0.0840025 0.0830583 0.0296618 0.0170932 0.137492 0.137535 0.061525 0.0606001 
28000 1	-32.8495	-32.4139	0.996444 0.0312619 0.00957383 0.697044 	1 0.185591 0.0751817 0.0186582 0.123499 0.147016 0.0772804 0.052404 0.15678 0.163591 
28000 2	-39.3513	-44.339	0.996069 0.868067 0.0309538 2.70962 	1 0.467546 0.00428335 0.133973 0.0867226 0.0933379 0.0347615 0.0374551 0.0289798 0.112941 
28000 3	-32.2776	-32.2776	0.996337 0.842909 0.0837331 0.752348 	1 0.291925 0.0656342 0.0469208 0.041065 0.0508121 0.12979 0.129185 0.164145 0.0805227 
29000 0	-31.9213	-32.649	0.994312 0.362201 0.089182 1.09472 	1 0.230007 0.10555 0.0963107 0.108442 0.0892857 0.108099 0.0814901 0.0543006 0.126514 
29000 1	-33.1597	-32.649	0.99255 0.0631325 0.0253767 0.749483 	1 0.29625 0.0746835 0.0703669 0.113353 0.157818 0.0521398 0.132424 0.067757 0.0352082 
29000 2	-36.1114	-36.1114	0.996304 0.837067 0.0957429 2.65284 	1 0.310598 0.0931742 0.0397666 0.18589 0.0943693 0.0356678 0.0738287 0.0796668 0.0870387 
29000 3	-32.6483	-32.6483	0.997664 0.818558 0.00924354 0.7689 	1 0.257206 0.180289 0.0787704 0.0577975 0.0590529 0.132728 0.0642282 0.0930862 0.0768418 
30000 0	-31.505	-31.505	0.996498 0.315121 0.0636394 1.38976 	1 0.235339 0.072601 0.0385971 0.139649 0.135766 0.107648 0.0947486 0.0743137 0.101337 
30000 1	-31.0036	-31.0036	0.995594 0.0878107 0.0660642 0.661464 	1 0.249598 0.136827 0.0419252 0.0912422 0.0558485 0.104988 0.0942842 0.148718 0.0765699 
30000 2	-35.1559	-35.1559	0.997761 0.901712 0.104393 2.66327 	1 0.313582 0.120754 0.0569832 0.0933228 0.0165618 0.0723671 0.0338378 0.15958 0.133012 
30000 3	-32.2943	-32.2943	0.997639 0.851256 0.0383068 0.580458 	1 0.220947 0.118242 0.0198021 0.166075 0.144265 0.0681283 0.112974 0.121841 0.0277247 
31000 0	-32.1772	-32.1772	0.998379 0.228205 0.0197292 1.27576 	1 0.264288 0.0686601 0.0872287 0.0674606 0.102867 0.0238039 0.124411 0.100469 0.160811 
31000 1	-33.7318	-33.7318	0.993667 0.0305297 0.060179 0.805982 	1 0.231785 0.00979615 0.137204 0.0830409 0.152705 0.129567 0.0395142 0.15367 0.0627175 
31000 2	-35.1247	-33.7318	0.996108 0.795165 0.0177096 2.65964 	1 0.172861 0.0921985 0.034308 0.0617309 0.0950935 0.132406 0.120605 0.139711 0.151086 
31000 3	-32.9641	-34.8061	0.996879 0.916123 0.0701796 0.595816 	1 0.400432 0.0921385 0.0722341 0.0781996 0.07403 0.0116947 0.0952135 0.115346 0.0607119 
32000 0	-34.6547	-34.6547	0.992714 0.172734 0.0089577 1.22347 	1 0.18383 0.118153 0.149778 0.0277546 0.17086 0.160361 0.0496461 0.0805619 0.0590542 
32000 1	-33.2031	-33.2031	0.995992 0.0681321 0.0521022 0.884221 	1 0.372894 0.0460534 0.0792735 0.117497 0.0143855 0.0683713 0.10451 0.0350324 0.161983 
32000 2	-33.7012	-33.2031	0.998191 0.574782 0.068763 2.81144 	1 0.219419 0.0561893 0.135357 0.12362 0.0609751 0.12966 0.0929684 0.0550062 0.126805 
32000 3	-33.8678	-39.9327	0.998491 0.926281 0.0013814 0.44855 	1 0.218955 0.0483145 0.104172 0.0815204 0.153928 0.0438101 0.101883 0.139357 0.108061 
33000 0	-32.033	-32.033	0.997488 0.23557 0.0475509 1.20989 	1 0.305258 0.135689 0.139101 0.0980104 0.0265507 0.0824536 0.0483432 0.0475512 0.117043 
33000 1	-32.1081	-32.1081	0.99438 0.117175 0.0503188 0.935707 	1 0.264857 0.0688857 0.144518 0.128078 0.119024 0.102508 0.027561 0.0978006 0.0467669 
33000 2	-35.8787	-32.1081	0.996632 0.5715 0.0332919 2.6926 	1 0.281812 0.0560102 0.166219 0.0307352 0.0944721 0.0495583 0.156511 0.146759 0.0179237 
33000 3	-33.0739	-160.915	0.998977 0.882924 0.0982766 0.309776 	1 0.256422 0.0782083 0.0850518 0.107613 0.096291 0.110604 0.16112 0.0396653 0.0650241 
34000 0	-32.396	-32.396	0.996839 0.367001 0.0505425 1.29616 	1 0.28222 0.0983419 0.0242227 0.0273882 0.10792 0.138587 0.103063 0.113356 0.104901 
34000 1	-33.4109	-33.4109	0.994141 0.129228 0.0197401 0.908089 	1 0.232231 0.039954 0.135231 0.0460801 0.183586 0.171459 0.102592 0.0381989 0.0506687 
34000 2	-33.7362	-33.7362	0.998399 0.594237 0.0384386 2.79292 	1 0.188396 0.0166762 0.125869 0.0888897 0.131349 0.0977399 0.105069 0.133317 0.112694 
34000 3	-32.007	-32.007	0.998814 0.779977 0.0274631 0.461403 	1 0.200931 0.135068 0.0922937 0.12572 0.019449 0.154296 0.0820217 0.0259399 0.16428 
35000 0	-32.5939	-32.5939	0.997732 0.404971 0.0587661 1.29472 	1 0.218914 0.133587 0.152316 0.122696 0.0256102 0.0563367 0.123665 0.0643413 0.102534 
35000 1	-34.9695	-45.9048	0.993211 0.230266 0.0263848 0.892161 	1 0.223627 0.145874 0.0719621 0.157488 0.0675186 0.0337296 0.095279 0.0138651 0.190656 
35000 2	-37.0242	-37.0242	0.996263 0.633365 0.0204207 2.76973 	1 0.298313 0.0376715 0.0471919 0.0433461 0.0960013 0.238531 0.157327 0.0230248 0.058593 
35000 3	-31.384	-34.5648	0.996646 0.651234 0.0286752 0.460593 	1 0.185219 0.0512384 0.0532852 0.0752361 0.0996101 0.138389 0.130968 0.124153 0.1419 
36000 0	-32.2072	-103.122	0.998631 0.34089 0.0220756 1.23257 	1 0.243732 0.137506 0.0552205 0.0409051 0.132109 0.0229817 0.127894 0.106728 0.132925 
36000 1	-31.5577	-44.7518	0.995777 0.160308 0.0265379 0.956299 	1 0.229582 0.129161 0.0434873 0.0841452 0.0919921 0.112213 0.134538 0.0969518 0.0779295 
36000 2	-35.2408	-35.6077	0.996097 0.716454 0.0453671 2.58467 	1 0.333267 0.121915 0.0483213 0.055501 0.0416274 0.0939146 0.035171 0.146427 0.123856 
36000 3	-30.8809	-30.8809	0.998316 0.672934 0.0483011 0.382419 	1 0.288388 0.153689 0.0891927 0.093276 0.0782235 0.0873701 0.027876 0.0929323 0.0890528 
37000 0	-33.9062	-33.9062	0.99896 0.497924 0.0836601 1.32446 	1 0.282581 0.0278671 0.146564 0.177993 0.141102 0.0529396 0.018677 0.109774 0.0425033 
37000 1	-33.4508	-33.4508	0.996728 0.159716 0.0297312 1.07041 	1 0.263792 0.114611 0.0671459 0.0295309 0.136361 0.103559 0.143405 0.133694 0.00789962 
37000 2	-34.5724	-33.4508	0.996939 0.693951 0.0930834 2.60395 	1 0.248295 0.0637102 0.14413 0.0772582 0.0753499 0.0634438 0.113597 0.107462 0.106754 
37000 3	-32.2726	-33.832	0.996693 0.681765 0.126087 0.436261 	1 0.355475 0.0835916 0.0576148 0.0709474 0.075201 0.165148 0.0902087 0.0324102 0.0694033 
38000 0	-32.7875	-32.7875	0.998985 0.411371 0.0276826 1.40882 	1 0.245036 0.0761998 0.197221 0.0279758 0.140002 0.0873248 0.113843 0.0194997 0.0928974 
38000 1	-34.9349	-34.9349	0.990216 0.00280326 0.0617316 1.00245 	1 0.32885 0.0139497 0.196606 0.0365569 0.0484033 0.114995 0.0599187 0.0487004 0.152019 
38000 2	-36.5427	-34.9349	0.997695 0.780033 0.107984 2.64118 	1 0.283259 0.15983 0.0783557 0.130088 0.0522026 0.0929773 0.0686708 0.0230787 0.111538 
38000 3	-31.8095	-31.8095	0.997522 0.823579 0.115756 0.353691 	1 0.34665 0.113316 0.0181973 0.137939 0.116698 0.0793597 0.0569093 0.0529592 0.0779721 
39000 0	-32.5581	-32.5581	0.998378 0.233942 0.0540969 1.2262 	1 0.232437 0.124403 0.1691 0.0765134 0.0892755 0.0905082 0.124491 0.0706145 0.0226577 
39000 1	-32.7611	-32.7611	0.993231 0.0428003 0.0632266 1.21894 	1 0.320234 0.14637 0.0549064 0.0580057 0.0381909 0.125404 0.126823 0.0775279 0.0525381 
39000 2	-34.7321	-34.7321	0.995987 0.755127 0.101585 2.74083 	1 0.321444 0.0506982 0.0609029 0.152745 0.0512995 0.122455 0.116322 0.068198 0.055935 
39000 3	-31.8355	-2495.85	0.998094 0.749197 0.0396636 0.122471 	1 0.206686 0.14891 0.0262766 0.0908263 0.152385 0.0795351 0.0694642 0.0981396 0.127777 
40000 0	-31.9002	-2476.13	0.996814 0.146195 0.00949045 1.1976 	1 0.151153 0.0903387 0.0833691 0.113378 0.105258 0.123832 0.13923 0.11108 0.0823622 
40000 1	-32.1999	-32.1999	0.995606 0.144188 0.0494802 1.14243 	1 0.302538 0.0853175 0.159666 0.108732 0.0407926 0.118973 0.0354585 0.0789669 0.0695556 
40000 2	-35.3341	-35.3341	0.997427 0.796549 0.0263964 2.7659 	1 0.223631 0.0732882 0.0188514 0.0311518 0.0942873 0.131506 0.157644 0.0989833 0.170658 
40000 3	-32.5693	-32.5693	0.997948 0.576215 0.0295684 0.109985 	1 0.242161 0.0940585 0.138638 0.0220834 0.0394513 0.17801 0.0885203 0.0698742 0.127204 
41000 0	-32.2127	-32.2127	0.99384 0.386699 0.045831 1.20702 	1 0.204285 0.118446 0.085233 0.0406611 0.123684 0.0770662 0.109454 0.117079 0.124093 
41000 1	-34.697	-34.697	0.990382 0.317025 0.0201914 1.04641 	1 0.248596 0.0279861 0.187623 0.111546 0.101554 0.0720007 0.0781017 0.0630357 0.109557 
41000 2	-34.1866	-40.2343	0.996883 0.711537 0.0309309 2.8224 	1 0.182543 0.127565 0.109315 0.046195 0.117855 0.138489 0.0526851 0.136305 0.0890471 
41000 3	-32.8158	-32.8158	0.998597 0.537055 0.060591 0.304568 	1 0.322866 0.124583 0.0093027 0.0185498 0.0901214 0.0793537 0.0576939 0.128017 0.169512 
42000 0	-36.177	-36.2283	0.99256 0.432485 0.0570787 1.1403 	1 0.390987 0.0238251 0.0906694 0.0793123 0.142788 0.0204147 0.0619288 0.174978 0.0150966 
42000 1	-34.4561	-34.4561	0.993243 0.471587 0.0268489 1.08574 	1 0.292717 0.0957087 0.0944694 0.0789433 0.106624 0.171053 0.0624624 0.08419 0.0138321 
42000 2	-36.5373	-36.5373	0.997534 0.604462 0.0311208 2.89557 	1 0.200387 0.160621 0.115738 0.089917 0.16628 0.0984006 0.0110089 0.109928 0.0477192 
42000 3	-32.4347	-32.4347	0.994989 0.599458 0.0351397 0.204194 	1 0.2495 0.0980387 0.0374223 0.0920724 0.114588 0.12391 0.0566782 0.110878 0.116912 
43000 0	-30.722	-30.722	0.998842 0.599636 0.0478512 1.01076 	1 0.270096 0.0543131 0.103154 0.0904319 0.0354227 0.0865789 0.142903 0.10139 0.11571 
43000 1	-32.8278	-32.8278	0.997468 0.343452 0.044462 1.1576 	1 0.344446 0.121353 0.0582881 0.0386765 0.0205673 0.172199 0.0764882 0.109928 0.0580546 
43000 2	-33.7279	-61.3272	0.996879 0.58548 0.112999 2.75746 	1 0.330588 0.0552533 0.119699 0.0860064 0.0757574 0.0900828 0.0440866 0.0771859 0.121341 
43000 3	-32.9057	-32.9057	0.996648 0.638384 0.0502719 0.138617 	1 0.304185 0.163558 0.0874642 0.119284 0.035126 0.0236603 0.108283 0.106351 0.0520886 
44000 0	-33.2926	-33.2926	0.996924 0.285494 0.014409 1.04896 	1 0.202645 0.068863 0.177672 0.0758266 0.0134291 0.180294 0.0768332 0.0929916 0.111445 
44000 1	-31.536	-31.536	0.998588 0.364015 0.0289832 1.26922 	1 0.243293 0.13056 0.0600002 0.118501 0.121132 0.0415135 0.0409653 0.141707 0.102329 
44000 2	-34.4952	-34.4952	0.998112 0.478756 0.0548074 2.80279 	1 0.248278 0.0562746 0.128846 0.168935 0.0152542 0.0741158 0.0779976 0.0878459 0.142453 
44000 3	-34.95	-34.95	0.996401 0.529439 0.0688622 0.302693 	1 0.222039 0.0475328 0.1099 0.0722739 0.0894613 0.0650205 0.140749 0.161917 0.0911062 
45000 0	-33.1655	-33.1655	0.993001 0.350989 0.0255826 1.12008 	1 0.202731 0.14845 0.0859281 0.0523782 0.158599 0.062985 0.10989 0.1267 0.0523383 
45000 1	-33.2359	-33.2359	0.99772 0.113807 0.0409998 1.23495 	1 0.256847 0.140701 0.0897791 0.0317694 0.190964 0.0710578 0.0440291 0.0132443 0.161608 
45000 2	-34.0915	-33.2359	0.998559 0.631413 0.0687183 2.73003 	1 0.362209 0.0437219 0.047661 0.0448734 0.0754799 0.079041 0.0924063 0.186567 0.0680397 
45000 3	-36.8106	-39.7373	0.98997 0.409412 0.0651223 0.259441 	1 0.362434 0.135725 0.223534 0.0854679 0.0169032 0.066494 0.0541537 0.0352892 0.0199996 
46000 0	-31.9904	-31.9904	0.998053 0.522073 0.0529429 1.16728 	1 0.265171 0.10224 0.145324 0.136742 0.128234 0.0419541 0.116763 0.0195283 0.0440447 
46000 1	-33.0385	-33.0385	0.998785 0.489219 0.0309969 1.32709 	1 0.222468 0.0416098 0.00806929 0.0470595 0.0952267 0.148566 0.155298 0.118923 0.16278 
46000 2	-35.2396	-35.2396	0.998408 0.52548 0.00989092 2.72167 	1 0.206276 0.0472354 0.122339 0.150982 0.018783 0.135716 0.140078 0.0600172 0.118574 
46000 3	-31.5753	-31.5753	0.99848 0.529373 0.0439883 0.204117 	1 0.324878 0.099919 0.0769928 0.083212 0.044779 0.0554652 0.0848659 0.18521 0.0446773 
47000 0	-34.7517	-34.7517	0.993518 0.634994 0.0484721 1.25136 	1 0.334193 0.0418641 0.0779935 0.033015 0.110109 0.134964 0.139334 0.0215815 0.106946 
47000 1	-33.2052	-33.2052	0.99591 0.569907 0.0144471 1.41713 	1 0.238773 0.0671774 0.0612342 0.0735669 0.0958632 0.119638 0.0774474 0.178611 0.0876898 
47000 2	-34.3717	-34.3717	0.998695 0.420361 0.138549 2.78373 	1 0.306779 0.0959147 0.0688707 0.021929 0.0957037 0.138318 0.0889185 0.0963923 0.0871734 
47000 3	-33.5391	-33.5391	0.99305 0.450959 0.0303913 0.0836913 	1 0.204559 0.0978451 0.110749 0.0967813 0.0959318 0.155408 0.0562827 0.13393 0.0485134 
48000 0	-33.3282	-33.3282	0.998359 0.81097 0.0201448 1.42497 	1 0.261208 0.0572783 0.0277498 0.0369574 0.0962172 0.100373 0.12845 0.222763 0.0690028 
48000 1	-32.1807	-32.1807	0.995929 0.545724 0.024667 1.3717 	1 0.217195 0.096232 0.0751327 0.0819732 0.113253 0.111838 0.0738222 0.090484 0.140071 
48000 2	-35.4732	-2246.32	0.994901 0.225811 0.0251358 2.84508 	1 0.215788 0.014992 0.106181 0.120475 0.138245 0.0851045 0.0844442 0.155624 0.079146 
48000 3	-31.8403	-31.8403	0.99787 0.502625 0.0214119 0.191237 	1 0.234601 0.06798 0.142768 0.0549982 0.049104 0.151933 0.0518902 0.14271 0.104015 
49000 0	-33.2356	-31.4271	0.998457 0.870986 0.00685019 1.49776 	1 0.181034 0.167462 0.0424876 0.0414338 0.12479 0.0729487 0.11691 0.101255 0.151679 
49000 1	-31.7955	-31.7955	0.996972 0.568131 0.0168464 1.26209 	1 0.166702 0.111132 0.120318 0.13156 0.127416 0.0797246 0.0936162 0.107632 0.0618981 
49000 2	-34.0524	-34.0524	0.996787 0.017588 0.0187994 2.99927 	1 0.159565 0.0831049 0.0978589 0.124929 0.113009 0.130525 0.134354 0.108889 0.0477652 
49000 3	-31.4449	-31.4449	0.998646 0.542121 0.0657739 0.154584 	1 0.313018 0.100004 0.0579224 0.129433 0.110771 0.0183286 0.0636703 0.108136 0.0987165 
50000 0	-32.4566	-32.4566	0.998364 0.804851 0.0108641 1.31289 	1 0.195367 0.0482691 0.127491 0.148708 0.171194 0.0657027 0.0991268 0.0530434 0.0910979 
50000 1	-34.2754	-34.2754	0.995328 0.539603 0.00875643 1.23636 	1 0.219916 0.143806 0.0876589 0.168859 0.0600775 0.0238556 0.0872141 0.0665856 0.142027 
50000 2	-36.8616	-37.2972	0.987191 0.0830025 0.069568 2.80991 	1 0.332577 0.0645313 0.08244 0.0736193 0.0964723 0.0661192 0.0403354 0.0655992 0.178306 
50000 3	-32.4879	-32.4879	0.996524 0.695595 0.148331 0.150058 	1 0.350187 0.0652352 0.126855 0.0830115 0.0456842 0.0900041 0.0883145 0.110482 0.0402272 
51000 0	-34.1611	-34.1611	0.994055 0.994691 0.0739134 1.37603 	1 0.294148 0.0561695 0.0434499 0.113214 0.0431205 0.153248 0.0455241 0.141326 0.109799 
51000 1	-30.6448	-35.5137	0.998685 0.388583 0.0258949 1.2725 	1 0.168838 0.0951299 0.0898114 0.0893455 0.120789 0.138275 0.103908 0.0970876 0.0968162 
51000 2	-33.5016	-33.5016	0.99717 0.0351487 0.0488611 2.70502 	1 0.288089 0.080165 0.0620477 0.148357 0.125778 0.0444235 0.112961 0.0755522 0.0626253 
51000 3	-33.0951	-33.0951	0.998932 0.64623 0.0356841 0.210581 	1 0.231399 0.113847 0.178066 0.161531 0.0505966 0.123362 0.0134714 0.111275 0.0164513 
52000 0	-33.8176	-33.8176	0.998314 0.880749 0.141844 1.40094 	1 0.350515 0.0785198 0.0703275 0.0885536 0.144331 0.132438 0.0572018 0.00661793 0.0714956 
52000 1	-37.0536	-84.6777	0.995393 0.548518 0.130746 1.34544 	1 0.353229 0.181052 0.0194003 0.129262 0.0413746 0.032524 0.053515 0.103991 0.0856507 
52000 2	-33.5927	-84.6777	0.99825 0.157655 0.0258701 2.66761 	1 0.228001 0.116202 0.0747257 0.124448 0.0733835 0.133873 0.160081 0.0421605 0.0471253 
52000 3	-33.9735	-3427.67	0.997364 0.623785 0.0261315 0.442796 	1 0.257131 0.204832 0.0746962 0.172195 0.111519 0.0721859 0.0675052 0.00588627 0.0340498 
53000 0	-31.9155	-347.877	0.997549 0.787324 0.0541301 1.40144 	1 0.254289 0.0402067 0.0649604 0.0921681 0.110992 0.0436915 0.160362 0.128862 0.104468 
53000 1	-31.6717	-31.6717	0.99893 0.712357 0.110159 1.40371 	1 0.328592 0.0316762 0.154115 0.0850144 0.0483786 0.0730533 0.103987 0.101041 0.0741427 
53000 2	-34.7976	-34.7976	0.993581 0.194784 0.0386541 2.60947 	1 0.19609 0.108316 0.0924803 0.138934 0.0614711 0.15168 0.0506836 0.0653065 0.135039 
53000 3	-34.9414	-34.7976	0.998102 0.604448 0.0161943 0.527747 	1 0.188588 0.0822713 0.118014 0.170962 0.00267707 0.0900589 0.15257 0.0369717 0.157887 
54000 0	-33.1065	-33.1065	0.998966 0.805816 0.0249513 1.26881 	1 0.263141 0.0437565 0.170124 0.0247749 0.0376079 0.169927 0.071281 0.179265 0.0401219 
54000 1	-33.996	-33.1065	0.99636 0.912898 0.0433698 1.35534 	1 0.253979 0.0482706 0.0954809 0.158717 0.0468642 0.158976 0.0829157 0.14423 0.0105676 
54000 2	-33.675	-33.675	0.996196 0.0179977 0.0303578 2.50571 	1 0.217562 0.0651687 0.14581 0.0851759 0.171736 0.131263 0.057451 0.0668892 0.0589438 
54000 3	-31.2025	-38.0794	0.998051 0.522157 0.121276 0.572788 	1 0.341347 0.0481318 0.0380502 0.0443342 0.137081 0.102968 0.051103 0.126868 0.110117 
55000 0	-33.3631	-34.1041	0.99866 0.883902 0.0649211 1.233 	1 0.327823 0.081828 0.0224283 0.149845 0.0745158 0.196836 0.0153929 0.0972063 0.0341246 
55000 1	-34.5513	-37.5233	0.996769 0.940814 0.147875 1.37034 	1 0.515276 0.10231 0.0278372 0.043425 0.0547644 0.0307004 0.130364 0.0514609 0.043863 
55000 2	-34.2326	-37.5233	0.99462 0.00504155 0.063486 2.56341 	1 0.317732 0.0258701 0.0676185 0.0723674 0.129858 0.148244 0.0660958 0.0918789 0.0803357 
55000 3	-30.7735	-30.7735	0.99892 0.645504 0.0336335 0.678521 	1 0.239526 0.169863 0.0317762 0.118294 0.0847209 0.0969264 0.110523 0.0942848 0.0540852 
