0 -5.03922022224
1 -6.21479355204
2 -5.52456355288
3 -6.66440902035
4 -3.20663875849
5 -3.69198208913
6 -9.88328484522
7 -1.33500106673
8 -4.17732541976
9 -6.46457081137
10 -6.66440902035
11 -4.01756897471
12 -5.47359896662
13 -6.19750802612
14 -4.17732541976
15 -4.50291230534
16 -2.30568772801
17 -5.88920666646
18 -5.52456355288
19 -4.50291230534
20 -5.07827645025
21 -8.27384693278
22 -4.17732541976
23 -3.69198208913
24 -8.27384693278
25 -8.27384693278
26 -4.17732541976
27 -5.88920666646
28 -8.27384693278
29 -5.03922022224
30 -8.27384693278
31 -8.27384693278
32 -7.58380238724
33 -6.3745499971
34 -3.20663875849
35 -6.66440902035
36 -8.0864312438
37 -5.07827645025
38 -4.01756897471
39 -3.69198208913
40 -8.27384693278
41 -8.27384693278
42 -8.27384693278
43 -4.50291230534
44 -3.69198208913
45 -5.07827645025
46 -3.20663875849
47 -8.0864312438
48 -2.79103105864
49 -8.27384693278
50 -4.50291230534
51 -8.27384693278
52 -8.27384693278
53 -2.30568772801
54 -6.66440902035
55 -3.69198208913
56 -3.69198208913
57 -9.88328484522
58 -5.52456355288
59 -4.01756897471
60 -6.66440902035
61 -4.17732541976
62 -9.88328484522
63 -4.59293311961
64 -2.30568772801
65 -8.27384693278
66 -5.07827645025
67 -8.27384693278
68 -6.66440902035
69 -8.27384693278
70 -6.46457081137
71 -1.82034439737
72 -8.27384693278
73 -5.88920666646
74 -3.69198208913
75 -5.97922748073
76 -6.70013688268
77 -8.27384693278
78 -4.50291230534
79 -2.30568772801
80 -3.69198208913
81 -8.27384693278
82 -8.27384693278
83 -6.66440902035
84 -7.27550102758
85 -4.01756897471
86 -8.27384693278
87 -9.88328484522
88 -6.66440902035
89 -5.07827645025
90 -3.69198208913
91 -6.66440902035
92 -5.71216469548
93 -3.69198208913
94 -8.27384693278
95 -4.50291230534
96 -6.46457081137
97 -2.30568772801
98 -1.82034439737
99 -5.88920666646
100 -5.07827645025
101 -2.30568772801
102 -8.27384693278
103 -8.27384693278
104 -3.20663875849
105 -6.66440902035
106 -8.27384693278
107 -3.20663875849
108 -7.27550102758
109 -4.59293311961
110 -4.01756897471
111 -5.07827645025
112 -3.20663875849
113 -4.01756897471
114 -4.17732541976
115 -8.27384693278
116 -3.69198208913
117 -7.99941008708
118 -3.69198208913
119 -4.50291230534
120 -4.50291230534
121 -8.27384693278
122 -8.27384693278
123 -5.88920666646
124 -4.17732541976
125 -5.07827645025
126 -2.30568772801
127 -8.27384693278
128 -8.27384693278
129 -5.52456355288
130 -1.82034439737
131 -5.71216469548
132 -5.88920666646
133 -5.88920666646
134 -5.47359896662
135 -5.07827645025
136 -6.3745499971
137 -5.71216469548
138 -5.07827645025
139 -8.27384693278
140 -4.50291230534
141 -8.27384693278
142 -8.27384693278
143 -8.27384693278
144 -6.21479355204
145 -7.23644479957
146 -5.07827645025
147 -4.50291230534
148 -5.07827645025
149 -6.19750802612
150 -8.27384693278
151 -8.27384693278
152 -8.27384693278
153 -9.88328484522
154 -8.27384693278
155 -6.66440902035
156 -2.30568772801
157 -3.69198208913
158 -6.68285135675
159 -5.07827645025
160 -6.3745499971
161 -4.50291230534
162 -7.90938927282
163 -5.56361978088
164 -8.27384693278
165 -8.27384693278
166 -8.27384693278
167 -2.30568772801
168 -5.52456355288
169 -9.88328484522
170 -9.88328484522
171 -8.27384693278
172 -9.88328484522
173 -8.27384693278
174 -8.27384693278
175 -6.21479355204
176 -4.59293311961
177 -1.82034439737
178 -3.69198208913
179 -5.56361978088
180 -8.27384693278
181 -8.27384693278
182 -5.88920666646
183 -8.27384693278
184 -8.27384693278
185 -3.69198208913
186 -8.27384693278
187 -6.70013688268
188 -8.27384693278
189 -6.19750802612
190 -9.88328484522
191 -9.88328484522
192 -4.50291230534
193 -6.46457081137
194 -3.69198208913
195 -3.69198208913
196 -1.82034439737
197 -8.27384693278
198 -5.56361978088
199 -9.88328484522
200 -4.50291230534
201 -9.88328484522
202 -6.66440902035
203 -4.01756897471
204 -2.30568772801
205 -4.17732541976
206 -5.52456355288
207 -8.27384693278
208 -6.85989332774
209 -5.07827645025
210 -8.27384693278
211 -4.50291230534
212 -5.88920666646
213 -6.46457081137
214 -3.69198208913
215 -6.95024311229
216 -5.88920666646
217 -4.98825563598
218 -4.50291230534
219 -8.27384693278
220 -6.70013688268
221 -4.50291230534
222 -8.27384693278
223 -9.88328484522
224 -4.01756897471
225 -7.72178813021
226 -6.66440902035
227 -4.50291230534
228 -4.50291230534
229 -8.27384693278
230 -3.69198208913
231 -4.17732541976
232 -8.27384693278
233 -5.88920666646
234 -8.27384693278
235 -5.56361978088
236 -5.07827645025
237 -5.40386333583
238 -5.40386333583
239 -7.58380238724
240 -1.82034439737
241 -5.07827645025
242 -8.0864312438
243 -5.88920666646
244 -5.56361978088
245 -4.17732541976
246 -8.27384693278
247 -8.27384693278
248 -9.88328484522
249 -8.27384693278
250 -8.27384693278
251 -2.30568772801
252 -9.88328484522
253 -8.27384693278
254 -8.0864312438
255 -8.27384693278
256 -8.27384693278
257 -3.69198208913
258 -8.27384693278
259 -2.30568772801
260 -2.30568772801
261 -8.27384693278
262 -6.66440902035
263 -3.69198208913
264 -4.50291230534
265 -6.46457081137
266 -5.71216469548
267 -6.3745499971
268 -5.07827645025
269 -6.21479355204
270 -6.66440902035
271 -4.50291230534
272 -8.27384693278
273 -3.69198208913
274 -8.27384693278
275 -9.88328484522
276 -6.66440902035
277 -6.66440902035
278 -6.46457081137
279 -6.21479355204
280 -7.99941008708
281 -2.79103105864
282 -8.27384693278
283 -9.88328484522
284 -3.69198208913
285 -8.27384693278
286 -6.66440902035
287 -2.30568772801
288 -5.88920666646
289 -7.36552184185
290 -5.07827645025
291 -5.07827645025
292 -6.66440902035
293 -3.69198208913
294 -6.66440902035
295 -9.88328484522
296 -5.03922022224
297 -4.98825563598
298 -8.27384693278
299 -8.27384693278
300 -8.27384693278
301 -5.07827645025
302 -6.66440902035
303 -1.33500106673
304 -6.66440902035
305 -5.07827645025
306 -1.82034439737
307 -3.69198208913
308 -4.01756897471
309 -4.17732541976
310 -8.27384693278
311 -8.27384693278
312 -5.07827645025
313 -6.3745499971
314 -8.27384693278
315 -4.50291230534
316 -6.66440902035
317 -4.50291230534
318 -8.27384693278
319 -4.01756897471
320 -5.40386333583
321 -3.69198208913
322 -6.66440902035
323 -7.43558644293
324 -4.50291230534
325 -2.30568772801
326 -6.66440902035
327 -6.3745499971
328 -6.66440902035
329 -3.20663875849
330 -8.27384693278
331 -8.27384693278
332 -4.50291230534
333 -8.27384693278
334 -3.69198208913
335 -4.17732541976
336 -6.85989332774
337 -9.88328484522
338 -6.19750802612
339 -5.56361978088
340 -5.03922022224
341 -6.66440902035
342 -1.82034439737
343 -6.66440902035
344 -3.69198208913
345 -8.27384693278
346 -8.89736146002
347 -4.50291230534
348 -5.40386333583
349 -7.85086517249
350 -8.27384693278
351 -6.66440902035
352 -3.69198208913
353 -3.69198208913
354 -8.27384693278
355 -5.97922748073
356 -8.27384693278
357 -8.27384693278
358 -5.88920666646
359 -4.6626687504
360 -4.50291230534
361 -4.01756897471
362 -4.17732541976
363 -5.56361978088
364 -8.27384693278
365 -5.52456355288
366 -3.69198208913
367 -5.88920666646
368 -8.27384693278
369 -7.99941008708
370 -6.70013688268
371 -6.46457081137
372 -5.07827645025
373 -2.79103105864
374 -3.69198208913
375 -6.46457081137
376 -8.27384693278
377 -4.59293311961
378 -3.69198208913
379 -6.46457081137
380 -4.17732541976
381 -4.6626687504
382 -8.27384693278
383 -5.88920666646
384 -4.50291230534
385 -6.46457081137
386 -8.27384693278
387 -1.82034439737
388 -4.17732541976
389 -6.91085791399
390 -2.30568772801
391 -6.19750802612
392 -6.66440902035
393 -3.69198208913
394 -8.27384693278
395 -4.98825563598
396 -5.03922022224
397 -4.17732541976
398 -6.19750802612
399 -5.56361978088
400 -5.07827645025
401 -6.91085791399
402 -5.88920666646
403 -8.27384693278
404 -6.46457081137
405 -6.91085791399
406 -4.17732541976
407 -8.27384693278
408 -4.54163982522
409 -7.99941008708
410 -4.98825563598
411 -8.27384693278
412 -3.69198208913
413 -6.66440902035
414 -6.70013688268
415 -6.85989332774
416 -6.66440902035
417 -1.82034439737
418 -1.82034439737
419 -8.27384693278
420 -8.27384693278
421 -6.66440902035
422 -5.88920666646
423 -8.27384693278
424 -4.59293311961
425 -5.03922022224
426 -3.69198208913
427 -3.69198208913
428 -8.17645205807
429 -4.01756897471
430 -5.07827645025
431 -8.27384693278
432 -3.69198208913
433 -7.0984590566
434 -8.27384693278
435 -8.27384693278
436 -3.20663875849
437 -8.27384693278
438 -3.69198208913
439 -6.66440902035
440 -9.88328484522
441 -6.66440902035
442 -6.66440902035
443 -8.27384693278
444 -9.88328484522
445 -6.66440902035
446 -3.20663875849
447 -3.20663875849
448 -4.50291230534
449 -1.33500106673
450 -6.66440902035
451 -3.20663875849
452 -6.91085791399
453 -8.27384693278
454 -4.98825563598
455 -3.20663875849
456 -3.69198208913
457 -6.46457081137
458 -8.27384693278
459 -8.27384693278
460 -6.70013688268
461 -1.82034439737
462 -3.69198208913
463 -8.27384693278
464 -4.50291230534
465 -1.82034439737
466 -2.30568772801
467 -2.30568772801
468 -8.27384693278
469 -2.30568772801
470 -6.19750802612
471 -9.88328484522
472 -8.27384693278
473 -6.66440902035
474 -4.17732541976
475 -6.46457081137
476 -4.17732541976
477 -6.46457081137
478 -8.27384693278
479 -3.69198208913
480 -6.46457081137
481 -1.82034439737
482 -3.69198208913
483 -6.66440902035
484 -8.27384693278
485 -2.30568772801
486 -1.82034439737
487 -6.21479355204
488 -6.70013688268
489 -2.30568772801
490 -2.30568772801
491 -4.17732541976
492 -4.98825563598
493 -4.50291230534
494 -8.27384693278
495 -8.27384693278
496 -4.59293311961
497 -5.88920666646
498 -6.19750802612
499 -5.52456355288
500 -10.4943768525
501 -8.27384693278
502 -4.17732541976
503 -5.07827645025
504 -6.46457081137
505 -5.88920666646
506 -5.40386333583
507 -5.07827645025
508 -8.27384693278
509 -8.27384693278
510 -6.70013688268
511 -8.27384693278
512 -8.27384693278
513 -8.27384693278
514 -6.70013688268
515 -4.17732541976
516 -5.56361978088
517 -5.97922748073
518 -3.69198208913
519 -1.82034439737
520 -6.91085791399
521 -3.20663875849
522 -6.91085791399
523 -6.66440902035
524 -8.27384693278
525 -9.88328484522
526 -8.27384693278
527 -3.69198208913
528 -8.27384693278
529 -5.56361978088
530 -6.66440902035
531 -2.30568772801
532 -5.07827645025
533 -3.69198208913
534 -4.98825563598
535 -3.69198208913
536 -4.50291230534
537 -8.27384693278
538 -3.20663875849
539 -8.27384693278
540 -2.30568772801
541 -5.03922022224
542 -8.27384693278
543 -6.66440902035
544 -8.27384693278
545 -4.50291230534
546 -5.03922022224
547 -4.01756897471
548 -6.91085791399
549 -7.39620124463
550 -6.66440902035
551 -3.69198208913
552 -8.27384693278
553 -8.27384693278
554 -1.82034439737
555 -3.69198208913
556 -3.69198208913
557 -5.88920666646
558 -8.27384693278
559 -6.79015769695
560 -5.52456355288
561 -6.91085791399
562 -6.19750802612
563 -8.27384693278
564 -5.07827645025
565 -6.46457081137
566 -8.27384693278
567 -3.20663875849
568 -8.27384693278
569 -6.66440902035
570 -6.46457081137
571 -5.52456355288
572 -8.27384693278
573 -9.88328484522
574 -8.27384693278
575 -9.43366937691
576 -5.07827645025
577 -4.17732541976
578 -8.48475341772
579 -8.27384693278
580 -4.17732541976
581 -2.30568772801
582 -6.85989332774
583 -7.99941008708
584 -5.56361978088
585 -4.17732541976
586 -8.27384693278
587 -3.20663875849
588 -8.27384693278
589 -1.82034439737
590 -6.21479355204
591 -8.27384693278
592 -3.69198208913
593 -6.42551458336
594 -5.88920666646
595 -7.58380238724
596 -6.66440902035
597 -3.69198208913
598 -5.88920666646
599 -6.66440902035
600 -4.50291230534
601 -8.27384693278
602 -2.30568772801
603 -8.27384693278
604 -5.97922748073
605 -5.07827645025
606 -4.17732541976
607 -3.20663875849
608 -4.01756897471
609 -6.66440902035
610 -4.6626687504
611 -5.03922022224
612 -5.07827645025
613 -4.50291230534
614 -6.66440902035
615 -8.27384693278
616 -5.71216469548
617 -8.27384693278
618 -6.19750802612
619 -3.69198208913
620 -2.30568772801
621 -9.88328484522
622 -8.27384693278
623 -6.91085791399
624 -1.82034439737
625 -8.27384693278
626 -3.69198208913
627 -8.27384693278
628 -8.27384693278
629 -4.01756897471
630 -6.46457081137
631 -3.69198208913
632 -8.27384693278
633 -8.27384693278
634 -3.69198208913
635 -6.91085791399
636 -5.88920666646
637 -6.66440902035
638 -2.30568772801
639 -2.30568772801
640 -6.66440902035
641 -4.59293311961
642 -8.27384693278
643 -5.52456355288
644 -3.69198208913
645 -4.17732541976
646 -8.27384693278
647 -4.59293311961
648 -8.27384693278
649 -4.17732541976
650 -6.66440902035
